00000000000000000000000000011000000110000000000000000000000000000000000000000000000000000000100000010000000000000000000000000000 19
00000000000000000011000000011000000110000000000000000000000000000000000000000000000100000000100000010000000000000000000000000000 26
00000000000000000011100000111000000110000000000000000000000000000000000000000000000000000011000000010000000000000000000000000000 10
01000000001000000011100000111000000110000000000000000000000000000000000000000000001000000011000000010000000000000000000000000000 13
01000000011001000011100000111000000110000000000000000000000000000000000000000100000010000010000000010000000000000000000000000000 34
01000000001011000011100000111000000110000000000000000000000000000000000000000100001000000011000000010000000000000000000000000000 37
01000000001001000111100000111000000110000000000000000000000000000000000000000100000010000011000000010000000000000000000000000000 12
01000000001001000011110000111000000110000000000000000000000000000000000000000100001000000011000000010000000000000000000000000000 12
01000000001001000011100001111000000110000000000000000000000000000000000000000100001010000000000000010000000000000000000000000000 34
01000000001001000011100000111000010110000000000000000000000000000000000000000100001010000001000000010000000000000000000000000000 11
01000000001001000011100000111000001110000000000000000000000000000000000000000100000010000001000000000000000000000000000000000000 17
01000000001001000011100000111000000110000010000000000000000000000000000000000100001010000011000000000000000000000000000000000000 11
01000000001001000011100000111000000110000001000000000000000000000000000000000100001010000010000000000000000000000000000000000000 34
00000000011000000011100000111000000110000000000000000000000000000000000000100000000000000010000000010000000000000000000000000000 11
01000000011100000011100000111000000110000000000000000000000000000000000000010000000000000011000000010000000000000000000000000000 12
00100000011100000011100000111000000110000000000000000000000000000000000000000000000100000011000000010000000000000000000000000000 0
00001000011100000011100000111000000110000000000000000000000000000000000000100000000100000011000000010000000000000000000000000000 17
00000000011110000011100000111000000110000000000000000000000000000000000000000000000100000011000000010000000000000000000000000000 0
00000000011100000011100001111000000110000000000000000000000000000000000000110000000100000000000000010000000000000000000000000000 34
00000000011100000011100000111000001110000000000000000000000000000000000000110000000100000000000000000000000000000000000000000000 17
00000000011100000011100000111000000110000010000000000000000000000000000000110000000100000011000000000000000000000000000000000000 17
00000000001000000111100000111000000110000000000000000000000000000000000000100000000000000011000000010000000000000000000000000000 11
01000000001100000111100000111000000110000000000000000000000000000000000000010000000000000011000000010000000000000000000000000000 12
00100000001100000111100000111000000110000000000000000000000000000000000000000000000100000011000000010000000000000000000000000000 21
00010000001100000111100000111000000110000000000000000000000000000000000000010000000100000011000000010000000000000000000000000000 2
00001000001100000111100000111000000110000000000000000000000000000000000000100000000100000011000000010000000000000000000000000000 13
00000000001100000111100001111000000110000000000000000000000000000000000000110000000100000000000000010000000000000000000000000000 34
00000000001100000111100000111000001110000000000000000000000000000000000000110000000100000000000000000000000000000000000000000000 33
00000000001100000111100000111000000110000010000000000000000000000000000000110000000100000011000000000000000000000000000000000000 25
00000000001100000111100000111000000110000000100000000000000000000000000000110000000100000001000000000000000000000000000000000000 25
00000000001000000011100001111000000110000000000000000000000000000000000000100000001000000000000000010000000000000000000000000000 34
01000000001000000011100001111000001110000000000000000000000000000000000000000000001000000010000000110000000000000000000000000000 12
00000000011000000011100001111000001110000000000000000000000000000000000000100000000000000010000000110000000000000000000000000000 12
00000000001100000011100001111000001110000000000000000000000000000000000000100000000000000010000000110000000000000000000000000000 3
00000000001000000111100001111000001110000000000000000000000000000000000000100000000000000010000000110000000000000000000000000000 11
00000000001000000011100001111000011110000000000000000000000000000000000000100000001000000000000000000000000000000000000000000000 32
00000000001000000011100001111000001110000100000000000000000000000000000000100000001000000010000000010000000000000000000000000000 11
00000000001000000011100001111000001110000010000000000000000000000000000000100000001000000010000000100000000000000000000000000000 16
00000000001000000011100001111000001110000001000000000000000000000000000000100000001000000010000000000000000000000000000000000000 12
00000000001000000011100000111000010110000000000000000000000000000000000000100000001000000001000000010000000000000000000000000000 25
01000000001000000011100001111000010110000000000000000000000000000000000000000000001000000111000000010000000000000000000000000000 11
00000000011000000011100001111000010110000000000000000000000000000000000000100000000000000110000000010000000000000000000000000000 11
00000000001000000111100001111000010110000000000000000000000000000000000000100000000000000011000000010000000000000000000000000000 11
00000000001000000011100011111000010110000000000000000000000000000000000000100000001000000000000000010000000000000000000000000000 34
00000000001000000011100001111000011110000000000000000000000000000000000000100000001000000110000000000000000000000000000000000000 42
00000000001000000011100001111000010110000010000000000000000000000000000000100000001000000111000000000000000000000000000000000000 21
00000000001000000011100001111000010110000001000000000000000000000000000000100000001000000110000000000000000000000000000000000000 40
00000000001000000011100000111000001110000000000000000000000000000000000000100000001000000010000000000000000000000000000000000000 42
01000000001000000011100000111000001110000010000000000000000000000000000000000000001000000010000000100000001000000000000000000000 12
00000000011000000011100000111000001110000010000000000000000000000000000000100000000000000010000000100000001000000000000000000000 21
00000000001000000111100000111000001110000010000000000000000000000000000000100000000000000000000000100000001000000000000000000000 21
00000000001000000011100001111000001110000010000000000000000000000000000000100000001000000000000000100000001000000000000000000000 16
00000000001000000011100000111000011110000010000000000000000000000000000000100000001000000000000000000000001000000000000000000000 45
00000000001000000011100000111000001110000110000000000000000000000000000000100000001000000010000000000000001000000000000000000000 29
00000000001000000011100000111000001110000010000001000000000000000000000000100000001000000010000000100000000000000000000000000000 12
00000000001000000011100000111000000110000010000000000000000000000000000000100000001000000011000000000000000000000000000000000000 21
01000000001000000011110000111000000110000010000000000000000000000000000000000000001011000011000000000000000000000000000000000000 11
00000000011000000011110000111000000110000010000000000000000000000000000000100000000111000010000000000000000000000000000000000000 29
00000000001100000011110000111000000110000010000000000000000000000000000000100000001011000010000000000000000000000000000000000000 34
00000000001010000011110000111000000110000010000000000000000000000000000000100000001101000011000000000000000000000000000000000000 13
00000000001000100011110000111000000110000010000000000000000000000000000000100000001110000011000000000000000000000000000000000000 22
00000000001000000111110000111000000110000010000000000000000000000000000000100000001111000001000000000000000000000000000000000000 25
00000000001000000011110001111000000110000010000000000000000000000000000000100000001111000000000000000000000000000000000000000000 33
00000000001000000011100000111000000110000001000000000000000000000000000000100000001000000010000000000000000000000000000000000000 12
01000000001010000011100000111000000110000001000000000000000000000000000000001000001000000010000000000000000000000000000000000000 29
00001000001010000011100000111000000110000001000000000000000000000000000000100000001100000010000000000000000000000000000000000000 5
00000000011010000011100000111000000110000001000000000000000000000000000000101000000100000010000000000000000000000000000000000000 21
00000000001110000011100000111000000110000001000000000000000000000000000000101000001000000010000000000000000000000000000000000000 21
00000000001010000111100000111000000110000001000000000000000000000000000000101000000000000000000000000000000000000000000000000000 34
00000000001010000011100001111000000110000001000000000000000000000000000000101000001100000000000000000000000000000000000000000000 32
00000000000000000011000000111000001110000000000000000000000000000000000000000000000100000001100000000000000000000000000000000000 25
00000000000100000011000001111000001110000000000000000000000000000000000000000000000000000110100000000000000000000000000000000000 42
00000000000100000011100001111000001110000010000000000000000000000000000000000000000000000110000000110000001000000000000000000000 12
00000000000100000011000011111000001110000010000000000000000000000000000000000000000000000000100000110000001000000000000000000000 20
00000000000100000011000001111100001110000010000000000000000000000000000000000000000000000110000000110000001000000000000000000000 20
00000000000100000011000001111000101110000010000000000000000000000000000000000000000000000010100000110000001000000000000000000000 20
00000000000100000011000001111000011110000010000000000000000000000000000000000000000000000100100000000000001000000000000000000000 43
00000000000100000011000001111000001111000010000000000000000000000000000000000000000000000110000000110000001000000000000000000000 20
00000000000100000011000001111000001110000110000000000000000000000000000000000000000000000110100000010000001000000000000000000000 33
00000000000100000011000001111000001110000011000000000000000000000000000000000000000000000110100000100000001000000000000000000000 20
00000000000100000011000001111000001110000010000000100000000000000000000000000000000000000100100000010000000000000000000000000000 17
00000000000000001011000001111000001110000000000000000000000000000000000000000000000100000011100000000000000000000000000000000000 43
00000000000000001011100001111000001110000001000000000000000000000000000000000000000000000010000000010000000100000000000000000000 11
00000000000000001011000001111100001110000001000000000000000000000000000000000000000100000000000000010000000100000000000000000000 17
00000000000000001011000001111000001110000001000000100000000000000000000000000000000100000011100000010000000000000000000000000000 17
00000000000000001011000001111000001110000001000000001000000000000000000000000000000100000011100000010000000000000000000000000000 17
00000000000000000111000001111000001110000000000000000000000000000000000000000000000100000101100000000000000000000000000000000000 16
00000000100000001111000001111000001110000000000000000000000000000000000000000000101100000101100000000000000000000000000000000000 0
00000000010000001111000001111000001110000000000000000000000000000000000000000000110100000100100000000000000000000000000000000000 11
00000000001000001111000001111000001110000000000000000000000000000000000000000000110100000101100000000000000000000000000000000000 33
00000000000100001111000001111000001110000000000000000000000000000000000000000000111000000100100000000000000000000000000000000000 20
00000000000010001111000001111000001110000000000000000000000000000000000000000000111000000101100000000000000000000000000000000000 10
00000000000000001111100001111000001110000000000000000000000000000000000000000000111100000100000000000000000000000000000000000000 33
00000000000000001111010001111000001110000000000000000000000000000000000000000000111100000101000000000000000000000000000000000000 33
00000000000000001111000011111000001110000000000000000000000000000000000000000000111100000001100000000000000000000000000000000000 32
00000000000000001111000001111100001110000000000000000000000000000000000000000000111100000100000000000000000000000000000000000000 33
00000000000000000011100001111000001110000000000000000000000000000000000000000000000000000110000000000000000000000000000000000000 42
00000000000000000111100001111000001110000010000000000000000000000000000000000000000000000100000000100000001000000000000000000000 10
00000000000000000011100011111000001110000010000000000000000000000000000000000000000000000000000000100000001000000000000000000000 16
00000000000000000011100001111000101110000010000000000000000000000000000000000000000000000010000000100000001000000000000000000000 16
00000000000000000011100001111000011110000010000000000000000000000000000000000000000000000100000000000000001000000000000000000000 43
00000000000000000011100001111000001110000110000000000000000000000000000000000000000000000110000000000000001000000000000000000000 43
00000000000000000011100001111000001110000010000001000000000000000000000000000000000000000110000000100000000000000000000000000000 44
00000000000000000011100001111000001110000010000000100000000000000000000000000000000000000100000000000000000000000000000000000000 43
00000000000000000011010001111000001110000000000000000000000000000000000000000000000100000111000000000000000000000000000000000000 42
00000000001000000011010001111000001110000010000000000000000000000000000000000000000000000111000000100000001000000000000000000000 11
00000000000100000011010001111000001110000010000000000000000000000000000000000000000000000110000000100000001000000000000000000000 20
00000000000000000111010001111000001110000010000000000000000000000000000000000000000100000101000000100000001000000000000000000000 33
00000000000000000011110001111000001110000010000000000000000000000000000000000000000000000111000000100000001000000000000000000000 43
00000000000000000011010011111000001110000010000000000000000000000000000000000000000100000000000000100000001000000000000000000000 16
00000000000000000011010001111000101110000010000000000000000000000000000000000000000100000011000000100000001000000000000000000000 43
00000000000000000011010001111000011110000010000000000000000000000000000000000000000100000111000000000000001000000000000000000000 43
00000000000000000011010001111000001110000010000001000000000000000000000000000000000100000111000000100000000000000000000000000000 43
00000000000000000011010001111000001110000010000000100000000000000000000000000000000100000101000000000000000000000000000000000000 17
00000000000000000011000001111000101110000000000000000000000000000000000000000000000100000011100000000000000000000000000000000000 43
00000000000000000011100001111000101110000001000000000000000000000000000000000000000000000010000000010000000100000000000000000000 42
00000000000000000011000001111100101110000001000000000000000000000000000000000000000100000000000000010000000100000000000000000000 17
00000000000000000011000001111000101110000001000000100000000000000000000000000000000100000011100000010000000000000000000000000000 51
00000000000000000011000001111000101110000001000000001000000000000000000000000000000100000011100000010000000000000000000000000000 42
00000000000000000001100000011000000110000000000000000000000000000000000000000000000100000001000000010000000000000000000000000000 29
00000000000000000011100000011100000110000000000000000000000000000000000000000000000000000000110000010000000000000000000000000000 37
00000000000000000011100000011110000111000000000000000000000000000000000000000000000000000000000000011100000000000000000000000000 21
00000000000010000011110000011110000111000000000000000000000000000000000000000000000000000000110000011100000000000000000000000000 23
00000000000000000011111000011110000111000000000000000000000000000000000000000000000000000000110000011100000000000000000000000000 26
00000000000000000011110000011110000111100000000000000000000000000000000000000000000001000000100000011100000000000000000000000000 26
00000000000000000011110000011110000111000001000000000000000000000000000000000000000001000000110000001100000000000000000000000000 34
00000000000000000011110000011110000111000000100000000000000000000000000000000000000001000000010000010000000000000000000000000000 26
00000000000000000011110000011110000111000000010000000000000000000000000000000000000001000000110000010100000000000000000000000000 26
00000000000000000011110000011110000111000000001000000000000000000000000000000000000001000000010000011000000000000000000000000000 45
00000000000000000011100000011100000111100000000000000000000000000000000000000000000000000000100000011100000000000000000000000000 26
00000000000000000011100001111100000111100000000000000000000000000000000000000000000000000000000000011100000000000000000000000000 21
00000000000000000011100000111100010111100000000000000000000000000000000000000000000000000001100000011100000000000000000000000000 25
00000000000000000011100000111100001111100000000000000000000000000000000000000000000000000000100000000000000000000000000000000000 42
00000000000000000011100000111100000111100001000000000000000000000000000000000000000000000010100000000100000000000000000000000000 42
00000000000000000011100000111100000111100000100000000000000000000000000000000000000000000011000000010100000000000000000000000000 11
00000000000000000011100000111100000111100000010000000000000000000000000000000000000000000010100000010000000000000000000000000000 11
00000000000000000011100000111100000111100000001000000000000000000000000000000000000000000011000000011000000000000000000000000000 21
00000000000000000011100000011100000111000001000000000000000000000000000000000000000000000000110000001100000000000000000000000000 34
00000000000000000011101000011100001111000001000000000000000000000000000000000000000000000000100000110100000000000000000000000000 30
00000000000000000011100001011100001111000001000000000000000000000000000000000000000000000000110000011100000000000000000000000000 26
00000000000000000011100000011110001111000001000000000000000000000000000000000000000000000000000000111100000000000000000000000000 21
00000000000000000011100000011100001111100001000000000000000000000000000000000000000000000000100000111100000000000000000000000000 51
00000000000000000011100000011100001111000101000000000000000000000000000000000000000000000000110000011100000000000000000000000000 26
00000000000000000011100000011100001111000001100000000000000000000000000000000000000000000000010000110100000000000000000000000000 26
00000000000000000011100000011100001111000001010000000000000000000000000000000000000000000000110000110100000000000000000000000000 12
00000000000000000011100000011100001111000001001000000000000000000000000000000000000000000000010000111000000000000000000000000000 21
00000000000000000011100000011100000111000000100000000000000000000000000000000000000000000000010000010100000000000000000000000000 26
00000000000000000111100000111100000111000000100000000000000000000000000000000000000000000001110000000100000000000000000000000000 11
00000000000000000011101000111100000111000000100000000000000000000000000000000000000000000011100000010100000000000000000000000000 21
00000000000000000011100000111110000111000000100000000000000000000000000000000000000000000011110000010000000000000000000000000000 11
00000000000000000011100000111100010111000000100000000000000000000000000000000000000000000001110000010100000000000000000000000000 43
00000000000000000011100000111100001111000000100000000000000000000000000000000000000000000000110000000100000000000000000000000000 51
00000000000000000011100000111100000111100000100000000000000000000000000000000000000000000011100000010000000000000000000000000000 11
00000000000000000011100000111100000111000001100000000000000000000000000000000000000000000010110000000100000000000000000000000000 12
00000000000000000011100000111100000111000000101000000000000000000000000000000000000000000011010000010000000000000000000000000000 21
00000000000000000011100000011100000111000000010000000000000000000000000000000000000000000000110000010100000000000000000000000000 26
00000000000000000011110000111100000111000000010000000000000000000000000000000000000000000011100000010000000000000000000000000000 44
00000000000000000011101000111100000111000000010000000000000000000000000000000000000000000011100000010100000000000000000000000000 21
00000000000000000011100000111100010111000000010000000000000000000000000000000000000000000001110000010100000000000000000000000000 13
00000000000000000011100000111100001111000000010000000000000000000000000000000000000000000000110000000100000000000000000000000000 44
00000000000000000011100000111100000111100000010000000000000000000000000000000000000000000011100000010000000000000000000000000000 11
00000000000000000011100000111100000111000001010000000000000000000000000000000000000000000010110000000100000000000000000000000000 44
00000000000000000011100000111100000111000000011000000000000000000000000000000000000000000011010000010000000000000000000000000000 21
00000000000000000011100000011100000111000000001000000000000000000000000000000000000000000000010000011000000000000000000000000000 21
00000000000001000011110000011100000111000000001000000000000000000000000000000000000000000000100000011000000000000000000000000000 38
00000000000000000011111000011100000111000000001000000000000000000000000000000000000000000000110000011000000000000000000000000000 13
00000000000000000011110000011110000111000000001000000000000000000000000000000000000001000000000000011000000000000000000000000000 45
00000000000000000011110000011100001111000000001000000000000000000000000000000000000001000000110000000000000000000000000000000000 26
00000000000000000011110000011100000111100000001000000000000000000000000000000000000001000000100000011000000000000000000000000000 30
00000000000000000011110000011100000111000001001000000000000000000000000000000000000001000000110000001000000000000000000000000000 45
00000000000000000011110000011100000111000000101000000000000000000000000000000000000001000000010000010000000000000000000000000000 26
00000000000000000011110000011100000111000000011000000000000000000000000000000000000001000000110000010000000000000000000000000000 12
00000000000000000001101000011100000110000000000000000000000000000000000000000000000100000001100000010000000000000000000000000000 30
00000000000000000011101000011110000110000000000000000000000000000000000000000000000000000000111000010000000000000000000000000000 37
00000000000000000011101000011111000111000000000000000000000000000000000000000000000000000000000000011100000000000000000000000000 23
00000000000000000011101000011110000111100000000000000000000000000000000000000000000000000000100000011100000000000000000000000000 21
00000000000000000011101000011110000111000001000000000000000000000000000000000000000000000000101000000100000000000000000000000000 21
00000000000000000011101000011110000111000000100000000000000000000000000000000000000000000000011000010100000000000000000000000000 21
00000000000000000011101000011110000111000000010000000000000000000000000000000000000000000000111000010100000000000000000000000000 43
00000000000000000011101000011110000111000000001000000000000000000000000000000000000000000000011000011000000000000000000000000000 45
00000000000000000001101000011110001110000000000000000000000000000000000000000000000100000000111000000000000000000000000000000000 21
00000000000100000001111000011110001110000000000000000000000000000000000000000000000011000000111000000000000000000000000000000000 18
00000000000010000001111000011110001110000000000000000000000000000000000000000000000101000000011000000000000000000000000000000000 26
00000000000001000001111000011110001110000000000000000000000000000000000000000000000101000000111000000000000000000000000000000000 5
00000000000000100001111000011110001110000000000000000000000000000000000000000000000110000000011000000000000000000000000000000000 13
00000000000000000011111000011110001110000000000000000000000000000000000000000000000000000000111000000000000000000000000000000000 11
00000000000000000001111000011111001110000000000000000000000000000000000000000000000111000000000000000000000000000000000000000000 23
00000000000000000001111000011110001110100000000000000000000000000000000000000000000111000000110000000000000000000000000000000000 23
00000000000000000001101000011110000110100000000000000000000000000000000000000000000100000001100000010000000000000000000000000000 31
00000000000000000011101000011111000110100000000000000000000000000000000000000000000000000000111100010000000000000000000000000000 10
00000000000000000001101000011111001110100000000000000000000000000000000000000000000100000000111100000000000000000000000000000000 21
00000000000000000001100000011100001110000000000000000000000000000000000000000000000100000000110000000000000000000000000000000000 21
00000000000100000001110000011100001110000000000000000000000000000000000000000000000011000000110000000000000000000000000000000000 18
00000000010100000011110000011100001110000000000000000000000000000000000000000000000111000000110000000000000000000000000000000000 26
00000000000110000011110000011100001110000000000000000000000000000000000000000000001101000000010000000000000000000000000000000000 26
00000000000101000011110000011100001110000000000000000000000000000000000000000000001101000000110000000000000000000000000000000000 26
00000000000100100011110000011100001110000000000000000000000000000000000000000000001110000000010000000000000000000000000000000000 26
00000000000100000011111000011100001110000000000000000000000000000000000000000000001111000000100000000000000000000000000000000000 2
00000000000100000011110001011100001110000000000000000000000000000000000000000000000111000000110000000000000000000000000000000000 3
00000000000100000011110000011110001110000000000000000000000000000000000000000000001111000000000000000000000000000000000000000000 37
00000000000100000011110000011100001110100000000000000000000000000000000000000000001101000000100000000000000000000000000000000000 4
00000000000010000001110000011100001110000000000000000000000000000000000000000000000101000000010000000000000000000000000000000000 11
00010000000110000001110000011100001110000000000000000000000000000000000000000000000011000000010000000000000000000000000000000000 2
00000000001110000001110000011100001110000000000000000000000000000000000000000000000011000000010000000000000000000000000000000000 3
00000000000111000001110000011100001110000000000000000000000000000000000000010000000101000000010000000000000000000000000000000000 37
00000000000110100001110000011100001110000000000000000000000000000000000000010000000110000000010000000000000000000000000000000000 26
00000000000110000001111000011100001110000000000000000000000000000000000000010000000111000000000000000000000000000000000000000000 3
00000000000110000001110000111100001110000000000000000000000000000000000000010000000011000000010000000000000000000000000000000000 18
00000000000110000001110000011110001110000000000000000000000000000000000000010000000110000000000000000000000000000000000000000000 37
00000000000001000001110000011100001110000000000000000000000000000000000000000000000101000000110000000000000000000000000000000000 11
00010000000101000001110000011100001110000000000000000000000000000000000000000000000011000000110000000000000000000000000000000000 2
00000000000111000001110000011100001110000000000000000000000000000000000000010000000101000000010000000000000000000000000000000000 37
00000000000101100001110000011100001110000000000000000000000000000000000000010000000110000000010000000000000000000000000000000000 5
00000000000101000001111000011100001110000000000000000000000000000000000000010000000111000000100000000000000000000000000000000000 26
00000000000101000001110000011110001110000000000000000000000000000000000000010000000111000000000000000000000000000000000000000000 5
00000000000101000001110000011100001111000000000000000000000000000000000000010000000110000000100000000000000000000000000000000000 26
00000000000000100001110000011100001110000000000000000000000000000000000000000000000110000000010000000000000000000000000000000000 13
00000010000001100001110000011100001110000000000000000000000000000000000000000000000101000000010000000000000000000000000000000000 26
00000000001001100001110000011100001110000000000000000000000000000000000000000100000011000000010000000000000000000000000000000000 26
00000000000101100001110000011100001110000000000000000000000000000000000000000100000011000000010000000000000000000000000000000000 7
00000000000011100001110000011100001110000000000000000000000000000000000000000000000101000000010000000000000000000000000000000000 26
00000000000001100001111000011100001110000000000000000000000000000000000000000100000111000000000000000000000000000000000000000000 23
00000000000001100001110000011110001110000000000000000000000000000000000000000100000111000000000000000000000000000000000000000000 7
00000000000000000001111000011100001110000000000000000000000000000000000000000000000111000000100000000000000000000000000000000000 38
00000000000100000001111000011100001110100000000000000000000000000000000000000000000011000000110000000010000000000000000000000000 18
00000000000010000001111000011100001110100000000000000000000000000000000000000000000101000000010000000010000000000000000000000000 37
00000000000001000001111000011100001110100000000000000000000000000000000000000000000101000000110000000010000000000000000000000000 5
00000000000000100001111000011100001110100000000000000000000000000000000000000000000110000000010000000010000000000000000000000000 13
00000000000000000011111000011100001110100000000000000000000000000000000000000000000000000000110000000010000000000000000000000000 13
00000000000000000001111000011110001110100000000000000000000000000000000000000000000111000000000000000010000000000000000000000000 37
00000000000000000001110000011110001110000000000000000000000000000000000000000000000111000000000000000000000000000000000000000000 38
00000000001000000001110000011110001110100000000000000000000000000000000000000000000011000000010000000010000000000000000000000000 18
00000000000100000001110000011110001110100000000000000000000000000000000000000000000011000000010000000010000000000000000000000000 43
00000000000010000001110000011110001110100000000000000000000000000000000000000000000100000000010000000010000000000000000000000000 37
00000000000001000001110000011110001110100000000000000000000000000000000000000000000101000000010000000010000000000000000000000000 37
00000000000000100001110000011110001110100000000000000000000000000000000000000000000110000000010000000010000000000000000000000000 13
00000000000000000001111000011110001110100000000000000000000000000000000000000000000111000000000000000010000000000000000000000000 37
00000000000000000001110000011110001110100000001000000000000000000000000000000000000111000000010000000000000000000000000000000000 37
00000000000000000001100000011100000110100000000000000000000000000000000000000000000100000001100000010000000000000000000000000000 30
00000000000000000011100000011110000110100000000000000000000000000000000000000000000000000000111000010000000000000000000000000000 37
00000000000000000011101000011110000111100000000000000000000000000000000000000000000000000000110000011100000000000000000000000000 47
00000000000000000011100000011111000111100000000000000000000000000000000000000000000000000000000000011100000000000000000000000000 21
00000000000000000011100000011110001111100000000000000000000000000000000000000000000000000000111000000000000000000000000000000000 45
00000000000000000011100000011110000111100001000000000000000000000000000000000000000000000000111000001100000000000000000000000000 11
00000000000000000011100000011110000111100000100000000000000000000000000000000000000000000000011000010100000000000000000000000000 21
00000000000000000011100000011110000111100000010000000000000000000000000000000000000000000000111000010100000000000000000000000000 44
00000000000000000011100000011110000111100000001000000000000000000000000000000000000000000000011000011000000000000000000000000000 21
00000000000000000001101000011110000110100000000000000000000000000000000000000000000100000001100000010000000000000000000000000000 31
00000000000000000011101000011111000110100000000000000000000000000000000000000000000000000000111100010000000000000000000000000000 10
00000000000000000001101000011111001110100000000000000000000000000000000000000000000100000000111100000000000000000000000000000000 21
00000000000000000001100000011110001110100000000000000000000000000000000000000000000100000000111000000000000000000000000000000000 21
00000000000100000001110000011110001110100000000000000000000000000000000000000000000001000000101000000000000000000000000000000000 37
00000000000010000001110000011110001110100000000000000000000000000000000000000000000101000000011000000000000000000000000000000000 37
00000000000001000001110000011110001110100000000000000000000000000000000000000000000101000000111000000000000000000000000000000000 12
00000000000000100001110000011110001110100000000000000000000000000000000000000000000110000000011000000000000000000000000000000000 13
00000000000000000001111000011110001110100000000000000000000000000000000000000000000111000000100000000000000000000000000000000000 37
00000000000000000001110000011111001110100000000000000000000000000000000000000000000111000000000000000000000000000000000000000000 37
00000000000000000001000000011000001110000000000000000000000000000000000000000000000100000001100000000000000000000000000000000000 44
00000000000100000001000000011000001110000000100000000000000000000000000000000000000000000000100000001000000010000000000000000000 42
00000000000100000001000000011100001110000010100000000000000000000000000000000000000000000000000000011000001010000000000000000000 33
00000000000100000001000000011100011110000110100000000000000000000000000000000000000000000000000001011000001010000000000000000000 40
00000000000100000001000000011100011110000011100000000000000000000000000000000000000000000000000001100000001010000000000000000000 26
00000000000100000001000000011100011110000010110000000000000000000000000000000000000000000000000001110000001010000000000000000000 46
00000000000100000001000000011100011110000010100001000000000000000000000000000000000000000000000001101000000010000000000000000000 50
00000000000100000001000000011100011110000010100000001000000000000000000000000000000000000000000001110000001000000000000000000000 53
00000000000100000001000000011000001111000010100000000000000000000000000000000000000000000000000000000000001010000000000000000000 20
00000000000101000001100000011000001111000010100000000000000000000000000000000000000000000000100000001000001010000000000000000000 18
00000000000100000001110000011000001111000010100000000000000000000000000000000000000000000000000000001000001010000000000000000000 33
00000000000100000001100000011100001111000010100000000000000000000000000000000000000000000000000000001000001010000000000000000000 26
00000000000100000001100000011000001111000010110000000000000000000000000000000000000010000000100000000000001010000000000000000000 18
00000000000100000001100000011000001111000010100001000000000000000000000000000000000010000000100000001000000010000000000000000000 41
00000000000100000001100000011000001111000010100000100000000000000000000000000000000010000000100000001000000010000000000000000000 18
00000000000100000001100000011000001111000010100000010000000000000000000000000000000010000000100000001000001000000000000000000000 26
00000000000100000001100000011000001111000010100000000100000000000000000000000000000010000000100000001000001000000000000000000000 26
00000000000100000001000000011000001110000011100000000000000000000000000000000000000000000000100000001000001010000000000000000000 26
00000000000100000001000001111000001110000011100000000000000000000000000000000000000000000011100000011000001010000000000000000000 33
00000000000100000001000000111100001110000011100000000000000000000000000000000000000000000011100000110000001010000000000000000000 37
00000000000100000001000000111000011110000011100000000000000000000000000000000000000000000001100000111000001010000000000000000000 51
00000000000100000001000000111000001111000011100000000000000000000000000000000000000000000011000000111000001010000000000000000000 51
00000000000100000001000000111000001110000111100000000000000000000000000000000000000000000011100000111000000010000000000000000000 40
00000000000100000001000000111000001110000011110000000000000000000000000000000000000000000011100000111000001000000000000000000000 51
00000000000100000001000000011000001110000010110000000000000000000000000000000000000000000000100000010000001010000000000000000000 37
00000000000100000001000000011100001111000010110000000000000000000000000000000000000000000000000000011000001010000000000000000000 26
00000000000100000001000000011000001111100010110000000000000000000000000000000000000000000000100000000000001010000000000000000000 30
00000000000100000001000000011000001111000011110000000000000000000000000000000000000000000000100000001100001000000000000000000000 50
00000000000100000001000000011000001111000010111000000000000000000000000000000000000000000000000000011000001010000000000000000000 26
00000000000100000001000000011000001111000010110000100000000000000000000000000000000000000000100000011100000010000000000000000000 10
00000000000100000001000000011000001110000010100000100000000000000000000000000000000000000000100000011000000010000000000000000000 10
00000000011100000001000000011000001110000010100000100000000000000000000000000000000100000000100000011000000010000000000000000000 18
00000000001100000001010000011000001110000010100000100000000000000000000000100000000100000000000000001000000010000000000000000000 3
00000000001100000001000000011100001110000010100000100000000000000000000000100000000100000000000000011000000010000000000000000000 20
00000000001100000001000000011000001111000010100000100000000000000000000000100000000100000000100000000000000010000000000000000000 43
00000000001100000001000000011000001110000011100000100000000000000000000000100000000100000000100000001000000010000000000000000000 3
00000000001100000001000000011000001110000010110000100000000000000000000000100000000100000000100000010000000010000000000000000000 37
00000000000000000001100000011000001110000000100000000000000000000000000000000000000100000000100000001000000010000000000000000000 43
00000000000000000011100000011000001110000001100000000000000000000000000000000000000000000001100000011000000110000000000000000000 11
00100000000100000011100000011000001110000001100000000000000000000000000000000000000100000001100000011000000110000000000000000000 33
00001000000100000011100000011000001110000001100000000000000000000000000000000000000100000001100000011000000110000000000000000000 25
00000000000100000011100000011000001111000001100000000000000000000000000000010000000100000001100000000000000110000000000000000000 42
00000000000100000011100000011000001110000001110000000000000000000000000000010000000100000000100000010000000110000000000000000000 26
00000000000100000011100000011000001110000001100000001000000000000000000000010000000100000001000000010000000000000000000000000000 29
00000000000000000001100000011000001111000001100000000000000000000000000000000000000100000001100000000000000110000000000000000000 42
00000000001000000001100000011000001111000011100000000000000000000000000000000000000000000001000000010000001110000000000000000000 26
00000000000000000011100000011000001111000011100000000000000000000000000000000000000000000000100000010000001110000000000000000000 26
00000000000000000001100000011000001111000011100000100000000000000000000000000000000100000001100000010000000010000000000000000000 33
00000000000000000001100000011000001111000011100000010000000000000000000000000000000100000001100000010000001100000000000000000000 33
00000000000000000001100000011000001111000011100000001000000000000000000000000000000100000001100000010000001000000000000000000000 26
00000000000000000001100000011000001110000001100000001000000000000000000000000000000100000001000000010000000000000000000000000000 29
00000000000100000001100000011100001110000001100000001000000000000000000000000000000000000000110000000000000000000000000000000000 26
00000000000000000011100000011100001110000001100000001000000000000000000000000000000000000000110000010000000000000000000000000000 26
00000000000000000001101000011100001110000001100000001000000000000000000000000000000100000001100000010000000000000000000000000000 21
00000000000000000001100000111100001110000001100000001000000000000000000000000000000100000001110000000000000000000000000000000000 12
00000000000000000001100000011100001110100001100000001000000000000000000000000000000100000001100000010000000000000000000000000000 21
00000000000000000001010000011000001110000000100000000000000000000000000000000000000100000001000000001000000010000000000000000000 20
00000000000100000001110000011000001110000000100000000000000000000000000000000000000010000000100000001000000010000000000000000000 42
00000000000101000001110000011000001110000010100000000000000000000000000000000000000000000000100000011000001010000000000000000000 18
00000000000100000001110000011100001110000010100000000000000000000000000000000000000000000000000000011000001010000000000000000000 33
00000000000100000001110000011000001111000010100000000000000000000000000000000000000010000000000000000000001010000000000000000000 18
00000000000100000001110000011000001110000011100000000000000000000000000000000000000010000000100000001000001010000000000000000000 18
00000000000100000001110000011000001110000010110000000000000000000000000000000000000010000000100000010000001010000000000000000000 18
00000000000100000001110000011000001110000010100001000000000000000000000000000000000010000000000000001000000010000000000000000000 18
00000000000100000001110000011000001110000010100000100000000000000000000000000000000010000000100000011000000010000000000000000000 26
00000000000001000001110000011000001110000000100000000000000000000000000000000000000100000000100000001000000010000000000000000000 18
00000000000101000011110000011000001110000000100000000000000000000000000000000000001000000000100000001000000010000000000000000000 42
00000000000001000111110000011000001110000000100000000000000000000000000000000000000000000001100000001000000010000000000000000000 43
00000000000001000011110000011000001111000000100000000000000000000000000000000000001100000001100000000000000010000000000000000000 43
00000000000001000011110000011000001110000000100000001000000000000000000000000000001100000001000000000000000000000000000000000000 37
00000000000001000011110000011000001110000000100000000100000000000000000000000000001100000001100000001000000000000000000000000000 12
00000000000000000011110000011000001110000000100000000000000000000000000000000000000000000001100000001000000010000000000000000000 43
00000000000000000011110000011000001111000001100000000000000000000000000000000000000000000001000000000000000110000000000000000000 26
00000000000000000011110000011000001110000011100000000000000000000000000000000000000000000001000000001000000110000000000000000000 29
00000000000000000011110000011000001110000001110000000000000000000000000000000000000000000000100000010000000110000000000000000000 26
00000000000000000011110000011000001110000001100000010000000000000000000000000000000000000000100000001000000010000000000000000000 42
00000000000000000011110000011000001110000001100000001000000000000000000000000000000000000001000000010000000000000000000000000000 29
00000000000000000001110000011000001111000000100000000000000000000000000000000000000110000001100000000000000010000000000000000000 41
00000000001000000001110000011000001111000100100000000000000000000000000000000000000010000001000000100000010010000000000000000000 18
00000000000100000001110000011000001111000100100000000000000000000000000000000000000010000000100000100000010010000000000000000000 18
00000000000010000001110000011000001111000100100000000000000000000000000000000000000100000001000000100000010010000000000000000000 43
00000000000000000011110000011000001111000100100000000000000000000000000000000000000000000000100000100000010010000000000000000000 26
00000000000000000001110000011000011111000100100000000000000000000000000000000000000110000001100000000000010010000000000000000000 45
00000000000000000001110000011000001111000100100000010000000000000000000000000000000110000001100000100000010000000000000000000000 42
00000000000000000001110000011000001111000100100000001000000000000000000000000000000110000001100000100000010000000000000000000000 42
00000000000000000001110000011000001111000100100000000100000000000000000000000000000110000001100000100000010000000000000000000000 45
00000000000000000001110000011000001110000000100000000100000000000000000000000000000110000001100000001000000000000000000000000000 41
00000000000100000001110000011000001110000100100000000100000000000000000000000000000010000000100000101000010000000000000000000000 52
00000000000010000001110000011000001110000100100000000100000000000000000000000000000100000001000000100000010000000000000000000000 5
00000000000000000011110000011000001110000100100000000100000000000000000000000000000000000001100000101000010000000000000000000000 11
00000000000000000001110000011000011110000100100000000100000000000000000000000000000110000001100000001000010000000000000000000000 42
00000000000000000001110000011000001111000100100000000100000000000000000000000000000110000001100000100000010000000000000000000000 45
00000000000000000001000000011000001111000000100000000000000000000000000000000000000100000001100000000000000010000000000000000000 45
00000000001000000001000000011000001111000000110000000000000000000000000000000000000000000001000000001000000011000000000000000000 20
00000000001001000001100000011000001111000000110000000000000000000000000000000000000000000000100000001000000011000000000000000000 42
00000000001000000001110000011000001111000000110000000000000000000000000000000000000000000001000000001000000011000000000000000000 38
00000000001000000001100000011000001111000000110000010000000000000000000000000000000010000001100000001000000001000000000000000000 18
00000000001000000001100000011000001111000000110000000100000000000000000000000000000010000001100000001000000000000000000000000000 11
00000000000100000001000000011000001111000000110000000000000000000000000000000000000000000000100000001000000011000000000000000000 42
00000000000100000001000000011100001111000010110000000000000000000000000000000000000000000000000000011000001011000000000000000000 33
00000000000100000001000000011000001111000011110000000000000000000000000000000000000000000000100000001000001011000000000000000000 29
00000000000100000001000000011000001111000010110000100000000000000000000000000000000000000000100000011000000011000000000000000000 29
00000000000100000001000000011000001111000010110000010000000000000000000000000000000000000000100000011000001001000000000000000000 43
00000000000100000001000000011000001111000010110000000100000000000000000000000000000000000000100000011000001010000000000000000000 26
00000000000100000001000000011000001111000010110000000010000000000000000000000000000000000000100000010000001010000000000000000000 46
00000000000000000001100000011000001111000000110000000000000000000000000000000000000100000000100000001000000011000000000000000000 43
00000000001000000001100000011000001111000001110000000000000000000000000000000000000000000001000000011000000111000000000000000000 29
00000000000000000011100000011000001111000001110000000000000000000000000000000000000000000001100000011000000111000000000000000000 29
00000000000000000001100000011000001111000001110000010000000000000000000000000000000100000001100000011000000101000000000000000000 53
00000000000000000001100000011000001111000001110000001000000000000000000000000000000100000001000000010000000001000000000000000000 42
00000000000000000001100000011000001111000001110000000100000000000000000000000000000100000001100000011000000110000000000000000000 38
00000000000000000001010000011000001111000000110000000000000000000000000000000000000100000001000000001000000011000000000000000000 20
00000000001000000001110000011000001111000000110000000000000000000000000000000000000010000001000000001000000011000000000000000000 29
00000000000100000001110000011000001111000000110000000000000000000000000000000000000010000000100000001000000011000000000000000000 42
00000000000001000001110000011000001111000000110000000000000000000000000000000000000100000000100000001000000011000000000000000000 26
00000000000000000011110000011000001111000000110000000000000000000000000000000000000000000001100000001000000011000000000000000000 38
00000000000000000001110000011000001111000000110000010000000000000000000000000000000110000001100000001000000001000000000000000000 42
00000000000000000001110000011000001111000000110000000100000000000000000000000000000110000001100000001000000000000000000000000000 42
00000000000000000001000000011000001111000000110000010000000000000000000000000000000100000001100000001000000001000000000000000000 52
00000000001000000001000000011000001111000000110000011000000000000000000000000000000000000001000000001000000011000000100000000000 58
00000000000100000001000000011000001111000000110000011000000000000000000000000000000000000000100000001000000011000000100000000000 29
00000000000000000001100000011000001111000000110000011000000000000000000000000000000100000000100000001000000011000000100000000000 18
00000000000000000001010000011000001111000000110000011000000000000000000000000000000100000001000000001000000011000000100000000000 20
00000000000000000001000000011000001111000000110000011100000000000000000000000000000100000001100000001000000000000000000000000000 42
00000000000000000001000000011000001111000000110000000100000000000000000000000000000100000001100000001000000000000000000000000000 42
00000000001000000001000000011000001111000010110000000100000000000000000000000000000000000001000000011000001000000000000000000000 26
00000000000000000011000000011000001111000010110000000100000000000000000000000000000100000000100000010000001000000000000000000000 26
00000000000000000001100000011000001111000010110000000100000000000000000000000000000100000000000000010000001000000000000000000000 33
00000000000000000001000000111000001111000010110000000100000000000000000000000000000100000001100000001000001000000000000000000000 18
00000000000000000001000000011000001111000010110000100100000000000000000000000000000100000001100000011000000000000000000000000000 33
00000000000000000001000000011000001110000000100000000100000000000000000000000000000100000001100000001000000000000000000000000000 42
00000000000000000001100000011000001110000010100000000100000000000000000000000000000100000000000000010000001000000000000000000000 26
00000000001000000001100000111000001110000010100000000100000000000000000000000000000000000010000000110000001000000000000000000000 37
00000000000100000001100000111000001110000010100000000100000000000000000000000000000000000010000000110000001000000000000000000000 29
00000000000000000101100000111000001110000010100000000100000000000000000000000000000100000000000000100000001000000000000000000000 18
00000000000000000011100000111000001110000010100000000100000000000000000000000000000000000010000000110000001000000000000000000000 11
00000000000000000001100001111000001110000010100000000100000000000000000000000000000100000000000000110000001000000000000000000000 33
00000000000000000001100000111000011110000010100000000100000000000000000000000000000100000010000000000000001000000000000000000000 43
00000000000000000001100000111000001110000110100000000100000000000000000000000000000100000010000000010000001000000000000000000000 40
00000000000000000001100000111000001110000011100000000100000000000000000000000000000100000010000000100000001000000000000000000000 52
00000000000000000001100000111000001110000010100001000100000000000000000000000000000100000010000000100000000000000000000000000000 43
00000000000000000001000000111000001110000010100000000100000000000000000000000000000100000001100000001000001000000000000000000000 18
00000000000100000011000000111000001110000010100000000100000000000000000000000000001000000010100000101000001000000000000000000000 12
00000000000000000111000000111000001110000010100000000100000000000000000000000000001100000001100000101000001000000000000000000000 43
00000000000000000011100000111000001110000010100000000100000000000000000000000000001100000011000000100000001000000000000000000000 43
00000000000000000011010000111000001110000010100000000100000000000000000000000000001100000011000000101000001000000000000000000000 43
00000000000000000011000000111000011110000010100000000100000000000000000000000000001100000011100000001000001000000000000000000000 41
00000000000000000011000000111000001111000010100000000100000000000000000000000000001100000011100000100000001000000000000000000000 43
00000000000000000011000000111000001110000010100001000100000000000000000000000000001100000011100000101000000000000000000000000000 43
00000000000000000001000000011000001111000010100000000100000000000000000000000000000100000001100000000000001000000000000000000000 45
00000000001000000001000000011000001111000010110000000100000000000000000000000000000000000001000000001000001001000000000000000000 26
00000000000100000001000000011000001111000010110000000100000000000000000000000000000000000000100000001000001001000000000000000000 52
00000000000000000001100000011000001111000010110000000100000000000000000000000000000100000000000000000000001001000000000000000000 43
00000000000000000001010000011000001111000010110000000100000000000000000000000000000100000001000000001000001001000000000000000000 26
00000000000000000001000000011000001111000010111000000100000000000000000000000000000100000001100000001000001000000000000000000000 26
00000000000000000001000000011000001111000010110001000100000000000000000000000000000100000001100000001000000001000000000000000000 52
00000000000000000001000000011000001111000010110000100100000000000000000000000000000100000001100000001000000001000000000000000000 52
00000000000000000001000000011000001110000010100000100100000000000000000000000000000100000001100000011000000000000000000000000000 33
00000000000000000001100000011000011110000010100000100100000000000000000000000000000100000001000001110000000000000000000000000000 45
00000000000000000001010000011000011110000010100000100100000000000000000000000000000100000001000001101000000000000000000000000000 51
00000000000000000001000010011000011110000010100000100100000000000000000000000000000100000001100000111000000000000000000000000000 52
00000000000000000001000000111000011110000010100000100100000000000000000000000000000100000001100001001000000000000000000000000000 41
